845.70
845.70
844.25
845.70
844.25
844.25
845.70
845.70
844.25
845.70
845.70
845.70
845.70
845.70
845.70
845.70
845.70
845.70
844.25
845.70
Mean 845.338723	 	Std Dev 0.643527	 
Min: 844.252324	 
Max: 845.700856	 
845.70
0.00
0.00
0.00
0.00
0.00
0.00
0.00
0.00
0.00
0.00
0.00
0.00
0.00
0.00
0.00
0.00
0.00
0.00
0.00
Mean 42.285043	 	Std Dev 189.104460	 
Min: 0.000000	 
Max: 845.700856	 
0.00
0.00
844.25
0.00
0.00
0.00
0.00
0.00
0.00
0.00
0.00
0.00
0.00
0.00
0.00
0.00
0.00
0.00
0.00
0.00
Mean 42.212616	 	Std Dev 188.780559	 
Min: 0.000000	 
Max: 844.252324	 
