509.47
509.47
509.47
509.47
509.47
509.47
509.47
509.47
509.47
509.47
509.47
509.47
509.47
509.47
509.47
509.47
509.47
509.47
509.47
509.47
Mean 509.470415	 	Std Dev 0.000000	 
Min: 509.470415	 
Max: 509.470415	 
509.47
0.00
0.00
0.00
0.00
0.00
0.00
0.00
0.00
0.00
0.00
0.00
0.00
0.00
0.00
0.00
0.00
0.00
0.00
0.00
Mean 25.473521	 	Std Dev 113.921048	 
Min: 0.000000	 
Max: 509.470415	 
0.00
0.00
509.47
0.00
0.00
0.00
0.00
0.00
0.00
0.00
0.00
0.00
0.00
0.00
0.00
0.00
0.00
0.00
0.00
0.00
Mean 25.473521	 	Std Dev 113.921048	 
Min: 0.000000	 
Max: 509.470415	 
